	15	|14	|13	|12	|11	|10	|9	|8	|7	|6	|5	|4	|3	|2	|1	|0			*  = NZC~V
AND	0	|1	|0	|0	|0	|0	|0	|0	|0	|0	|	Rm		|	Rdn		*		p1 = NZCV 
EOR	0	|1	|0	|0	|0	|0	|0	|0	|0	|1	|	Rm		|	Rdn		*		p3 = NZ~C~V
LSL	0	|1	|0	|0	|0	|0	|0	|0	|1	|0	|	Rm		|	Rdn		*
LSR	0	|1	|0	|0	|0	|0	|0	|0	|1	|1	|	Rm		|	Rdn		*
ASR	0	|1	|0	|0	|0	|0	|0	|1	|0	|0	|	Rm		|	Rdn		*
ADC	0	|1	|0	|0	|0	|0	|0	|1	|0	|1	|	Rm		|	Rdn		p1
SBC	0	|1	|0	|0	|0	|0	|0	|1	|1	|0	|	Rm		|	Rdn		p1
ROR	0	|1	|0	|0	|0	|0	|0	|1	|1	|1	|	Rm		|	Rdn		*

ORR	0	|1	|0	|0	|0	|0	|1	|1	|0	|0	|	Rm		|	Rdn		*
BIC	0	|1	|0	|0	|0	|0	|1	|1	|1	|0	|	Rm		|	Rdn		*

	15	|14	|13	|12	|11	|10	|9	|8	|7	|6	|5	|4	|3	|2	|1	|0
TST	0	|1	|0	|0	|0	|0	|1	|0	|0	|0	|	Rm		|	Rn		*
CMP	0	|1	|0	|0	|0	|0	|1	|0	|1	|0	|	Rm		|	Rn		p1
CMN	0	|1	|0	|0	|0	|0	|1	|0	|1	|1	|	Rm		|	Rn		p1

/!\ p.13 remarque TST, CMP, CMN
	15	|14	|13	|12	|11	|10	|9	|8	|7	|6	|5	|4	|3	|2	|1	|0
MVN	0	|1	|0	|0	|0	|0	|1	|1	|1	|1	|	Rm		|	Rd		*

MUL	0	|1	|0	|0	|0	|0	|1	|1	|0	|1	|	Rn		|	Rdm		p3
RSB	0	|1	|0	|0	|0	|0	|1	|0	|0	|1	|	Rn		|	Rd		p1

	0	|1	|0	|0	|0	|0
Decoder code
